2.374399959166629e-11,0.
6.754967130294785,0.05
8.660654063139212,0.1
9.999802305906888,0.15000000000000002
11.066783946783978,0.2
11.968259308619654,0.25
12.75651644857118,0.30000000000000004
13.461556882063334,0.35000000000000003
14.102381038189662,0.4
14.691872577977163,0.45
15.23921757929435,0.5
15.751223356754942,0.55
16.233091185428037,0.6000000000000001
16.68889532456282,0.65
17.121893766328853,0.7000000000000001
17.534737502644404,0.75
17.929615939889803,0.8
18.3083606771632,0.8500000000000001
18.672521293042735,0.9
19.02342181087234,0.9500000000000001
19.36220351604073,1.
19.68985793481808,1.05
20.007252591713634,1.1
20.315151379908414,1.1500000000000001
20.614230854428055,1.2000000000000002
20.90509339846315,1.25
21.188277962858944,1.3
21.464268901399183,1.35
21.733503296925264,1.4000000000000001
21.99637708030571,1.4500000000000002
22.25325017558159,1.5
22.50445085329889,1.55
22.75027943529037,1.6
22.9910114646145,1.6500000000000001
23.22690043160671,1.7000000000000002
23.458180129328674,1.75
23.685066697868614,1.8
23.907760406032626,1.85
24.126447210296305,1.9000000000000001
24.341300123949935,1.9500000000000002
24.552480423787323,2.
24.7601387171662,2.0500000000000003
24.9644158885856,2.1
25.165443941909906,2.15
25.363346751887264,2.2
25.55824073655738,2.25
25.750235460438557,2.3000000000000003
25.939434176960166,2.35
26.125934317414803,2.4000000000000004
26.309827932700237,2.45
26.491202093274413,2.5
26.670140660680246,2.5500000000000003
26.846717574168924,2.6
27.02101123768863,2.6500000000000004
27.193090707539493,2.7
27.363022986261754,2.75
27.530871843473637,2.8000000000000003
27.696698026350475,2.85
27.860559452971607,2.9000000000000004
28.02251139019968,2.95
28.182606617569252,3.
28.340895578498884,3.0500000000000003
28.497426519998065,3.1
28.65224562191451,3.1500000000000004
28.80539711665801,3.2
28.95692340023948,3.25
29.10686513537873,3.3000000000000003
29.255261347357955,3.35
29.40214951323223,3.4000000000000004
29.54756564494696,3.45
29.691544366861237,3.5
29.834118988126907,3.5500000000000003
29.975321570332635,3.6
30.115182990783662,3.6500000000000004
30.253733001754377,3.7
30.391000286020958,3.75
30.527012508953714,3.8000000000000003
30.661796367424596,3.85
30.795377635763128,3.9000000000000004
30.92778120897453,3.95
31.059031143415247,4.
31.189150695105557,4.05
31.318162355843576,4.1000000000000005
31.446087887272302,4.15
31.57294835303869,4.2
31.698764149172806,4.25
31.82355503280581,4.3
31.94734014933512,4.3500000000000005
32.07013805813796,4.4
32.191966756926305,4.45
32.31284370482938,4.5
32.43278584428347,4.55
32.55180962180322,4.6000000000000005
32.66993100770283,4.65
32.7871655148312,4.7
32.90352821637986,4.75
33.01903376281929,4.800000000000001
33.13369639801447,4.8500000000000005
33.24752997456764,4.9
33.36054796843279,4.95
33.47276349284352,5.
33.58418931159272,5.050000000000001
33.69483785170084,5.1000000000000005
33.804721215506014,5.15
33.91385119220828,5.2
34.02223926889718,5.25
34.129896641090696,5.300000000000001
34.23683422281157,5.3500000000000005
34.343062656225264,5.4
34.44859232086284,5.45
34.55343334244987,5.5
34.6575956013618,5.550000000000001
34.76108874072494,5.6000000000000005
34.86392217418058,5.65
34.96610509332953,5.7
35.06764647487239,5.75
35.16855508746112,5.800000000000001
35.26883949827536,5.8500000000000005
35.36850807933726,5.9
35.467569013577155,5.95
35.56603030066182,6.
35.66389976259668,6.050000000000001
35.7611850491125,6.1000000000000005
35.857893642846285,6.15
35.95403286432631,6.2
36.04960987676969,6.25
36.14463169070148,6.300000000000001
36.239105168402716,6.3500000000000005
36.333037028195726,6.4
36.42643384857329,6.45
36.51930207217866,6.5
36.61164800964314,6.550000000000001
36.70347784328723,6.6000000000000005
36.794797630690944,6.65
36.88561330813936,6.7
36.97593069394814,6.75
37.065755491674444,6.800000000000001
37.15509329321784,6.8500000000000005
37.243949581815656,6.9
37.33232973493731,6.95
37.420239027081635,7.
37.507682632480915,7.050000000000001
37.594665627715756,7.1000000000000005
37.681192994244185,7.15
37.76726962084796,7.2
37.852900306000265,7.25
37.9380897601568,7.300000000000001
38.02284260797403,7.3500000000000005
38.10716339045694,7.4
38.191056567039205,7.45
38.274526517598446,7.5
38.35757754440848,7.550000000000001
38.44021387403165,7.6000000000000005
38.52243965915289,7.65
38.60425898035812,7.7
38.68567584785847,7.75
38.766694203163055,7.800000000000001
38.84731792070131,7.8500000000000005
38.92755080939748,7.9
39.00739661419851,7.95
39.08685901755703,8.
39.16594164087128,8.05
39.24464804588318,8.1
39.32298173603622,8.15
39.40094615779451,8.200000000000001
39.47854470192418,8.25
39.55578070473873,8.3
39.632657449309214,8.35
39.709178166640775,8.4
39.78534603681627,8.450000000000001
39.86116419010858,8.5
39.936635708062205,8.55
40.011763624545445,8.6
40.08655092677388,8.65
40.161000556306476,8.700000000000001
40.23511541001474,8.75
40.30889834102612,8.8
40.38235215964241,8.85
40.455479634233846,8.9
40.528283492109814,8.950000000000001
40.60076642036685,9.
40.67293106671458,9.05
40.744780040280396,9.1
40.816315912393456,9.15
40.887541217348705,9.200000000000001
40.95845845315149,9.25
41.02907008224334,9.3
41.09937853220951,9.35
41.16938619646895,9.4
41.239095434947004,9.450000000000001
41.30850857473152,9.5
41.377627910712796,9.55
41.44645570620798,9.600000000000001
41.51499419357008,9.65
41.583245574782424,9.700000000000001
41.65121202203858,9.75
41.71889567830859,9.8
41.786298657891535,9.850000000000001
41.85342304695502,9.9
41.92027090406204,9.950000000000001
41.98684426068522,10.
42.05314512170924,10.05
42.11917546592151,10.100000000000001
42.184937246491344,10.15
42.2504323914384,10.200000000000001
42.31566280408999,10.25
42.38063036352827,10.3
42.44533692502705,10.350000000000001
42.50978432047885,10.4
42.57397435881234,10.450000000000001
42.63790882640034,10.5
42.70158948745882,10.55
42.76501808443697,10.600000000000001
42.82819633839867,10.65
42.89112594939565,10.700000000000001
42.95380859683237,10.75
43.01624593982304,10.8
43.078439617540674,10.850000000000001
43.140391249559116,10.9
43.20210243618694,10.950000000000001
43.263574758795045,11.
43.32480978013665,11.05
43.38580904466067,11.100000000000001
43.44657407881866,11.15
43.50710639136508,11.200000000000001
43.56740747365132,11.25
43.6274787999137,11.3
43.68732182755529,11.350000000000001
43.74693799742218,11.4
43.806328734073816,11.450000000000001
43.86549544604785,11.5
43.92443952611973,11.55
43.983162351556864,11.600000000000001
44.041665284367525,11.65
44.09994967154524,11.700000000000001
44.158016845307586,11.75
44.21586812333066,11.8
44.27350480897886,11.850000000000001
44.33092819152991,11.9
44.38813954639563,11.950000000000001
44.445140135338164,12.
44.50193120668227,12.05
44.55851399552312,12.100000000000001
44.61488972393031,12.15
44.6710596011479,12.200000000000001
44.7270248237903,12.25
44.78278657603498,12.3
44.838346029810815,12.350000000000001
44.89370434498335,12.4
44.948862669536304,12.450000000000001
45.003822139749815,12.5
45.05858388037492,12.55
45.113149004805415,12.600000000000001
45.167518615245804,12.65
45.22169380287681,12.700000000000001
45.2756756480171,12.75
45.3294652202826,12.8
45.3830635787426,12.850000000000001
45.436471772073,12.9
45.48969083870689,12.950000000000001
45.54272180698219,13.
45.595565695286815,13.05
45.648223512201064,13.100000000000001
45.700696256637464,13.15
45.75298491797821,13.200000000000001
45.805090476210054,13.25
45.85701390205676,13.3
45.908756157109195,13.350000000000001
45.96031819395339,13.4
46.0117009562959,13.450000000000001
46.062905379087304,13.5
46.113932388643384,13.55
46.164782902764244,13.600000000000001
46.21545783085128,13.65
46.26595807402232,13.700000000000001
46.31628452522448,13.75
46.366438069345314,13.8
46.416419583322025,13.850000000000001
46.4662299362486,13.9
46.51586998948145,13.950000000000001
46.56534059674303,14.
46.61464260422371,14.05
46.663776850681984,14.100000000000001
46.712744167543086,14.15
46.76154537899569,14.200000000000001
46.81018130208733,14.25
46.858652746817896,14.3
46.9069605162319,14.350000000000001
46.95510540650888,14.4
47.00308820705265,14.450000000000001
47.05090970057885,14.5
47.09857066320107,14.55
47.14607186451579,14.600000000000001
47.193414067685566,14.65
47.24059802952131,14.700000000000001
47.287624500562785,14.75
47.33449422515821,14.8
47.381207941542236,14.850000000000001
47.42776638191296,14.9
47.47417027250748,14.950000000000001
47.520420333676455,15.
47.56651727995724,15.05
47.61246182014612,15.100000000000001
47.65825465736925,15.15
47.70389648915243,15.200000000000001
47.749388007489955,15.25
47.794729898912266,15.3
47.83992284455258,15.350000000000001
47.88496752021247,15.4
47.929864596426434,15.450000000000001
47.974614738525496,15.5
48.01921860669983,15.55
48.06367685606026,15.600000000000001
48.10799013669918,15.65
48.15215909375001,15.700000000000001
48.196184367446385,15.75
48.24006659317988,15.8
48.28380640155713,15.850000000000001
48.32740441845615,15.9
48.37086126508159,15.950000000000001
48.414177558019304,16.
48.45735390929019,16.05
48.50039092640292,16.1
48.54328921240623,16.150000000000002
48.58604936594022,16.2
48.628671981286914,16.25
48.67115764842021,16.3
48.71350695305493,16.35
48.755720476695245,16.400000000000002
48.79779879668234,16.45
48.839742486241434,16.5
48.8815521145281,16.55
48.92322824667387,16.6
48.96477144383118,16.650000000000002
49.006182263217816,16.7
49.04746125816048,16.75
49.08860897813795,16.8
49.12962596882338,16.85
49.17051277212632,16.900000000000002
49.21126992623382,16.95
49.25189796565115,17.
49.29239742124186,17.05
49.33276882026731,17.1
49.37301268642557,17.150000000000002
49.413129539889916,17.2
49.45311989734664,17.25
49.49298427203241,17.3
49.532723173771046,17.35
49.5723371090099,17.400000000000002
49.61182658085559,17.45
49.65119208910943,17.5
49.690434130302,17.55
49.72955319772776,17.6
49.76854978147879,17.650000000000002
49.80742436847815,17.7
49.84617744251297,17.75
49.88480948426679,17.8
49.92332097135169,17.85
49.96171237833996,17.900000000000002
49.99998417679524,17.95
50.03813683530324,18.
50.0761708195022,18.05
50.114086592112805,18.1
50.151884612967706,18.150000000000002
50.18956533904076,18.2
50.2271292244756,18.25
50.26457672061428,18.3
50.30190827602511,18.35
50.33912433653028,18.400000000000002
50.376225345233316,18.45
50.41321174254577,18.5
50.45008396621389,18.55
50.48684245134488,18.6
50.523487630432605,18.650000000000002
50.56001993338332,18.7
50.59643978754074,18.75
50.63274761771094,18.8
50.66894384618691,18.85
50.70502889277283,18.900000000000002
50.74100317480796,18.95
50.77686710719013,19.
50.81262110239935,19.05
50.84826557052051,19.1
50.88380091926633,19.150000000000002
50.919227553999576,19.200000000000003
50.954545877755436,19.25
50.98975629126325,19.3
51.024859192968066,19.35
51.05985497905204,19.400000000000002
51.094744043455485,19.450000000000003
51.12952677789763,19.5
51.16420357189707,19.55
51.19877481279221,19.6
51.23324088576102,19.650000000000002
51.26760217384112,19.700000000000003
51.301859057949066,19.75
51.33601191689967,19.8
51.37006112742511,19.85
51.40400706419365,19.900000000000002
51.43785009982833,19.950000000000003
51.471590604925204,20.
51.505228948071505,20.05
51.53876549586352,20.1
51.572200612924405,20.150000000000002
51.605534661921354,20.200000000000003
51.638768003583294,20.25
51.671900996717554,20.3
51.7049339982268,20.35
51.73786736312582,20.400000000000002
51.77070144455784,20.450000000000003
51.80343659381076,20.5
51.83607316033325,20.55
51.86861149175063,20.6
51.90105193388041,20.650000000000002
51.93339483074798,20.700000000000003
51.96564052460171,20.75
51.99778935592819,20.8
52.02984166346712,20.85
52.061797784226066,20.900000000000002
52.09365805349513,20.950000000000003
52.125422804861216,21.
52.15709237022249,21.05
52.18866707980228,21.1
52.220147262163074,21.150000000000002
52.2515332442203,21.200000000000003
52.28282535125589,21.25
52.31402390693173,21.3
52.345129233302934,21.35
52.37614165083106,21.400000000000002
52.40706147839696,21.450000000000003
52.43788903331374,21.5
52.46862463133941,21.55
52.4992685866893,21.6
52.52982121204876,21.650000000000002
52.56028281858507,21.700000000000003
52.59065371595983,21.75
52.62093421234082,21.8
52.65112461441388,21.85
52.68122522739462,21.900000000000002
52.71123635503999,21.950000000000003
52.74115829965978,22.
52.77099136212789,22.05
52.800735841893605,22.1
52.8303920369926,22.150000000000002
52.859960244057916,22.200000000000003
52.889440758330785,22.25
52.91883387367145,22.3
52.94813988256954,22.35
52.97735907615473,22.400000000000002
53.006491744207075,22.450000000000003
53.03553817516717,22.5
53.0644986561464,22.55
53.09337347293692,22.6
53.12216291002154,22.650000000000002
53.15086725058353,22.700000000000003
53.1794867765165,22.75
53.20802176843366,22.8
53.23647250567771,22.85
53.2648392663299,22.900000000000002
53.29312232721953,22.950000000000003
53.32132196393307,23.
53.349438450823214,23.05
53.37747206101799,23.1
53.40542306642958,23.150000000000002
53.43329173776315,23.200000000000003
53.46107834452545,23.25
53.488783155033765,23.3
53.51640643642406,23.35
53.543948454659656,23.400000000000002
53.57140947453954,23.450000000000003
53.598789759706555,23.5
53.626089572655694,23.55
53.65330917474213,23.6
53.6804488261892,23.650000000000002
53.70750878609642,23.700000000000003
53.73448931244724,23.75
53.76139066211691,23.8
53.788213090880035,23.85
53.81495685341829,23.900000000000002
53.841622203327894,23.950000000000003
53.8682093931271,24.
53.89471867426352,24.05
53.92115029712148,24.1
53.947504511029166,24.150000000000002
53.97378156426595,24.200000000000003
53.99998170406914,24.25
54.02610517664143,24.3
54.052152227157464,24.35
54.07812309977089,24.400000000000002
54.104018037621096,24.450000000000003
54.12983728284,24.5
54.155581076558654,24.55
54.18124965891384,24.6
54.20684326905472,24.650000000000002
54.23236214514913,24.700000000000003
54.25780652439007,24.75
54.28317664300217,24.8
54.30847273624769,24.85
54.33373002001591,24.900000000000002
54.35887912252267,24.950000000000003
54.383919202105005,25.
