1.,13.819604366502
1.0034368543037049,13.869604366502001
1.0068799319838433,13.919604366502
1.0103292734440492,13.969604366502
1.0137849190316846,14.019604366502
1.017246909039371,14.069604366502
1.020715283706503,14.119604366502001
1.024190083220743,14.169604366502
1.027671347719497,14.219604366502
1.0311591172913774,14.269604366502
1.0346534319776406,14.319604366502
1.0381543317736162,14.369604366502001
1.0416618566301126,14.419604366502
1.04517604645481,14.469604366502
1.048696941113638,14.519604366502
1.0522245804321322,14.569604366502
1.0557590041967835,14.619604366502001
1.0593002521563646,14.669604366502
1.0628483640232462,14.719604366502
1.0664033794746972,14.769604366502
1.0699653381541696,14.819604366502
1.0735342796725713,14.869604366502001
1.0771102436095248,14.919604366502
1.0806932695146094,14.969604366502
1.084283396908595,15.019604366502001
1.0878806652846569,15.069604366502
1.0914851141095845,15.119604366502001
1.0950967828249718,15.169604366502
1.0987157108483976,15.219604366502
1.1023419375745953,15.269604366502001
1.1059755023766056,15.319604366502
1.109616444606926,15.369604366502001
1.1132648035986383,15.419604366502
1.1169206186665337,15.469604366502
1.1205839291082222,15.519604366502001
1.124254774205232,15.569604366502
1.1279331932240986,15.619604366502001
1.1316192254174435,15.669604366502
1.1353129100250412,15.719604366502
1.1390142862748773,15.769604366502001
1.142723393384197,15.819604366502
1.1464402705605425,15.869604366502001
1.150164957002782,15.919604366502
1.1538974919021268,15.969604366502
1.1576379144431437,16.019604366502
1.1613862638047527,16.069604366502
1.1651425791612215,16.119604366502
1.1689068996831447,16.169604366502
1.1726792645384199,16.219604366502
1.1764597128932133,16.269604366502
1.1802482839129156,16.319604366502
1.1840450167630916,16.369604366502
1.1878499506104212,16.419604366502
1.1916631246236304,16.469604366502
1.1954845779744194,16.519604366502
1.1993143498383758,16.569604366502
1.203152479395889,16.619604366502
1.2069990058330482,16.669604366502
1.2108539683425397,16.719604366502
1.2147174061245345,16.769604366502
1.2185893583875684,16.819604366502
1.2224698643494174,16.869604366502
1.2263589632379612,16.919604366502
1.230256694292048,16.969604366502
1.2341630967623445,17.019604366502
1.2380782099121852,17.069604366502
1.2420020730184134,17.119604366502
1.2459347253722137,17.169604366502
1.2498762062799431,17.219604366502
1.253826555063951,17.269604366502
1.257785811063397,17.319604366502
1.2617540136350625,17.369604366502
1.2657312021541518,17.419604366502
1.269717416015096,17.469604366502
1.2737126946323425,17.519604366502
1.277717077441146,17.569604366502
1.2817306038983505,17.619604366502
1.2857533134831642,17.669604366502
1.2897852456979366,17.719604366502
1.293826440068922,17.769604366502
1.297876936147041,17.819604366502
1.3019367735086422,17.869604366502
1.3060059917562494,17.919604366502
1.3100846305193115,17.969604366502
1.314172729454946,18.019604366502
1.3182703282486739,18.069604366502
1.3223774666151586,18.119604366502
1.3264941842989306,18.169604366502
1.3306205210751139,18.219604366502
1.3347565167501456,18.269604366502
1.338902211162493,18.319604366502
1.343057644183367,18.369604366502
1.347222855717426,18.419604366502
1.351397885703483,18.469604366502
1.3555827741152044,18.519604366502
1.359777560961805,18.569604366502
1.363982286288744,18.619604366502003
1.368196990178408,18.669604366502
1.3724217127507976,18.719604366502
1.376656494164209,18.769604366502
1.3809013746159131,18.819604366502
1.3851563943428244,18.869604366502003
1.3894215936221768,18.919604366502
1.393697012772185,18.969604366502
1.3979826921527136,19.019604366502
1.4022786721659322,19.069604366502
1.406584993256977,19.119604366502003
1.4109016959146012,19.169604366502
1.4152288206718275,19.219604366502
1.4195664081065917,19.269604366502
1.4239144988423955,19.319604366502
1.4282731335489416,19.369604366502003
1.432642352942771,19.419604366502
1.4370221977879047,19.469604366502
1.4414127088964703,19.519604366502
1.445813927129337,19.569604366502
1.450225893396744,19.619604366502003
1.4546486486589139,19.669604366502
1.4590822339266925,19.719604366502
1.4635266902621509,19.769604366502
1.4679820587792163,19.819604366502
1.4724483806442765,19.869604366502003
1.476925697076795,19.919604366502
1.4814140493499262,19.969604366502
1.4859134787911115,20.019604366502
1.4904240267826905,20.069604366502
1.4949457347625068,20.119604366502003
1.4994786442244983,20.169604366502
1.5040227967193074,20.219604366502
1.5085782338548637,20.269604366502
1.5131449972969877,20.319604366502
1.5177231287699788,20.369604366502003
1.522312670057204,20.419604366502
1.5269136630016875,20.469604366502
1.5315261495066903,20.519604366502
1.5361501715363037,20.569604366502
1.5407857711160222,20.619604366502003
1.5454329903333248,20.669604366502
1.5500918713382585,20.719604366502
1.5547624563440066,20.769604366502
1.5594447876274657,20.819604366502
1.5641389075298215,20.869604366502003
1.5688448584571153,20.919604366502
1.573562682880814,20.969604366502
1.5782924233383795,21.019604366502
1.5830341224338318,21.069604366502
1.5877878228383164,21.119604366502003
1.5925535672906608,21.169604366502
1.5973313985979454,21.219604366502
1.6021213596360522,21.269604366502
1.6069234933502314,21.319604366502
1.611737842755655,21.369604366502003
1.6165644509379693,21.419604366502
1.6214033610538552,21.469604366502
1.626254616331574,21.519604366502
1.6311182600715224,21.569604366502
1.635994335646783,21.619604366502003
1.6408828865036702,21.669604366502
1.6457839561622798,21.719604366502
1.6506975882170327,21.769604366502
1.6556238263372225,21.819604366502
1.6605627142675599,21.869604366502003
1.6655142958287115,21.919604366502
1.6704786149178443,21.969604366502
1.6754557155091658,22.019604366502
1.6804456416544613,22.069604366502
1.685448437483638,22.119604366502003
1.6904641472052526,22.169604366502
1.6954928151070578,22.219604366502
1.7005344855565308,22.269604366502
1.7055892030014088,22.319604366502
1.7106570119702273,22.369604366502003
1.7157379570728442,22.419604366502
1.7208320830009807,22.469604366502
1.7259394345287433,22.519604366502
1.731060056513158,22.569604366502
1.7361939938947049,22.619604366502003
1.7413412916978321,22.669604366502
1.746501995031501,22.719604366502
1.7516761490896953,22.769604366502
1.7568637991519638,22.819604366502
1.7620649905839318,22.869604366502003
1.7672797688378332,22.919604366502
1.772508179453035,22.969604366502
1.777750268056554,23.019604366502
1.7830060803635883,23.069604366502
1.7882756621780327,23.119604366502003
1.7935590593930004,23.169604366502
1.7988563179913493,23.219604366502
1.8041674840461968,23.269604366502
1.8094926037214383,23.319604366502
1.8148317232722757,23.369604366502003
1.8201848890457226,23.419604366502
1.8255521474811345,23.469604366502
1.8309335451107203,23.519604366502
1.8363291285600587,23.569604366502
1.8417389445486216,23.619604366502003
1.8471630398902799,23.669604366502
1.8526014614938309,23.719604366502
1.8580542563635034,23.769604366502
1.8635214715994814,23.819604366502
1.869003154398416,23.869604366502003
1.874499352053936,23.919604366502
1.8800101119571673,23.969604366502
1.8855354815972452,24.019604366502
1.8910755085618267,24.069604366502
1.8966302405376045,24.119604366502003
1.9021997253108212,24.169604366502
1.9077840107677801,24.219604366502
1.9133831448953582,24.269604366502
1.9189971757815178,24.319604366502
1.924626151615824,24.369604366502003
1.930270120689948,24.419604366502
1.9359291313981857,24.469604366502
1.9416032322379655,24.519604366502
1.947292471810359,24.569604366502
1.9529968988205981,24.619604366502003
1.9587165620785791,24.669604366502
1.9644515104993807,24.719604366502
1.9702017931037656,24.769604366502
1.9759674590186997,24.819604366502
1.981748557477863,24.869604366502003
1.9875451378221514,24.919604366502
1.9933572495002008,24.969604366502
1.999184942068884,25.019604366502
2.0050282651938325,25.069604366502
2.01088726864994,25.119604366502003
2.0167620023218764,25.169604366502
2.0226525162046003,25.219604366502
2.028558860403863,25.269604366502
2.0344810851367257,25.319604366502
2.040419240732072,25.369604366502003
2.0463733776311086,25.419604366502
2.0523435463878896,25.469604366502
2.058329797669814,25.519604366502
2.0643321822581497,25.569604366502
2.0703507510485397,25.619604366502003
2.076385555051507,25.669604366502
2.0824366453929777,25.719604366502
2.0885040733147875,25.769604366502
2.094587890175189,25.819604366502
2.1006881474493744,25.869604366502003
2.1068048967299777,25.919604366502
2.112938189727595,25.969604366502
2.1190880782712918,26.019604366502
2.125254614309117,26.069604366502
2.131437849908621,26.119604366502003
2.137637837257361,26.169604366502
2.143854628663426,26.219604366502
2.1500882765559344,26.269604366502
2.1563388334855658,26.319604366502
2.162606352125066,26.369604366502003
2.1688908852697604,26.419604366502
2.1751924858380787,26.469604366502
2.1815112068720572,26.519604366502
2.187847101537866,26.569604366502
2.1942002231263213,26.619604366502003
2.2005706250533987,26.669604366502
2.2069583608607544,26.719604366502
2.213363484216244,26.769604366502
2.2197860489144303,26.819604366502
2.2262261088771162,26.869604366502003
2.2326837181538495,26.919604366502
2.239158930922452,26.969604366502
2.2456518014895304,27.019604366502
2.2521623842910032,27.069604366502
2.2586907338926174,27.119604366502003
2.2652369049904673,27.169604366502
2.2718009524115197,27.219604366502
2.2783829311141353,27.269604366502
2.2849828961885836,27.319604366502
2.291600902857578,27.369604366502003
2.298237006476785,27.419604366502
2.304891262535362,27.469604366502
2.3115637266564653,27.519604366502
2.318254454597788,27.569604366502
2.324963502252083,27.619604366502003
2.3316909256476794,27.669604366502
2.338436780949022,27.719604366502
2.3452011244571858,27.769604366502
2.351984012610414,27.819604366502
2.3587855019846367,27.869604366502003
2.365605649294005,27.919604366502
2.3724445113914236,27.969604366502
2.379302145269066,28.019604366502
2.386178608058923,28.069604366502
2.3930739570333226,28.119604366502003
2.3999882496054634,28.169604366502
2.4069215433299496,28.219604366502
2.4138738959033175,28.269604366502
2.420845365164577,28.319604366502
2.4278360090957447,28.369604366502003
2.4348458858223703,28.419604366502
2.441875053614084,28.469604366502
2.448923570885124,28.519604366502
2.455991496194874,28.569604366502
2.4630788882484103,28.619604366502003
2.4701858058970267,28.669604366502
2.477312308138785,28.719604366502
2.4844584541190424,28.769604366502
2.49162430313101,28.819604366502
2.498809914616275,28.869604366502003
2.5060153481653566,28.919604366502
2.513240663518242,28.969604366502
2.5204859205649295,29.019604366502
2.5277511793459797,29.069604366502
2.5350365000530526,29.119604366502003
2.542341943029459,29.169604366502
2.549667568770704,29.219604366502
2.557013437925036,29.269604366502
2.5643796112939943,29.319604366502
2.5717661498329645,29.369604366502003
2.5791731146517134,29.419604366502
2.5866005670149597,29.469604366502
2.594048568342909,29.519604366502
2.6015171802118147,29.569604366502
2.609006464354533,29.619604366502003
2.616516482661068,29.669604366502
2.62404729717914,29.719604366502
2.631598970114729,29.769604366502
2.6391715638326394,29.819604366502
2.6467651408570605,29.869604366502003
2.654379763872111,29.919604366502
2.662015495722417,29.969604366502004
2.6696723994136606,30.019604366502
2.677350538113146,30.069604366502
2.6850499751503625,30.119604366502003
2.6927707740175415,30.169604366502
2.700512998370234,30.219604366502004
2.7082767120278572,30.269604366502
2.7160619789742833,30.319604366502
2.723868863358389,30.369604366502003
2.7316974294946323,30.419604366502
2.7395477418636163,30.469604366502004
2.747419865112664,30.519604366502
2.755313864056394,30.569604366502
2.7632298036772807,30.619604366502003
2.7711677491262368,30.669604366502
2.7791277657231857,30.719604366502004
2.787109918957634,30.769604366502
2.795114274489252,30.819604366502
2.803140898148454,30.869604366502003
2.8111898559369637,30.919604366502
2.8192612140284123,30.969604366502004
2.827355038768898,31.019604366502
2.835471396677588,31.069604366502
2.843610354447296,31.119604366502003
2.8517719789450493,31.169604366502
2.8599563372127004,31.219604366502004
2.868163496467492,31.269604366502
2.876393524102656,31.319604366502
2.8846464876880007,31.369604366502003
2.8929224549704897,31.419604366502
2.901221493874853,31.469604366502004
2.9095436725041517,31.519604366502
2.917889059140397,31.569604366502
2.9262577222451323,31.619604366502003
2.934649730460021,31.669604366502
2.9430651526074625,31.719604366502004
2.9515040576911686,31.769604366502
2.9599665148967738,31.819604366502
2.96845259359244,31.869604366502003
2.976962363329446,31.919604366502
2.985495893842796,31.969604366502004
2.9940532550518184,32.019604366502
3.0026345170607818,32.069604366502
3.0112397501594903,32.119604366502
3.019869024823889,32.169604366502
3.0285224117166867,32.219604366502004
3.0371999816879494,32.269604366502
3.0459018057757206,32.319604366502
3.054627955206633,32.369604366502
3.0633785013965134,32.419604366502
3.0721535159510163,32.469604366502004
3.0809530706662134,32.519604366502
3.0897772375292356,32.569604366502
3.098626088718877,32.619604366502
3.1074996966062205,32.669604366502
3.116398133755262,32.719604366502004
3.1253214729235155,32.769604366502
3.134269787062661,32.819604366502
3.143243149319163,32.869604366502
3.152241633034875,32.919604366502
3.161265311747704,32.969604366502004
3.170314259192205,33.019604366502
3.179388549300239,33.069604366502
3.188488256201588,33.119604366502
3.1976134542245918,33.169604366502
3.2067642178967866,33.219604366502004
3.215940621945535,33.269604366502
3.22514274129867,33.319604366502
3.234370651085133,33.369604366502
3.2436244266356034,33.419604366502
3.2529041434831587,33.469604366502004
3.2622098773638935,33.519604366502
3.271541704217592,33.569604366502
3.280899700188354,33.619604366502
3.290283941625239,33.669604366502
3.299694505082937,33.719604366502004
3.3091314673223957,33.769604366502
3.3185949053114836,33.819604366502
3.3280848962256413,33.869604366502
3.3376015174485367,33.919604366502
3.34714484657272,33.969604366502004
3.356714961400276,34.019604366502
3.3663119399434915,34.069604366502
3.375935860425515,34.119604366502
3.385586801281013,34.169604366502
3.3952648411568367,34.219604366502004
3.404970058912685,34.269604366502
3.414702533621773,34.319604366502
3.424462344571504,34.369604366502
3.434249571264125,34.419604366502
3.4440642934174237,34.469604366502004
3.453906590965363,34.519604366502
3.463776544058793,34.569604366502
3.473674233066109,34.619604366502
3.483599738573925,34.669604366502
3.493553141387762,34.719604366502004
3.503534522532721,34.769604366502
3.5135439632541723,34.819604366502
3.523581545018435,34.869604366502
3.533647349513455,34.919604366502
3.543741458649512,34.969604366502004
3.553863954559886,35.019604366502
3.56401491960156,35.069604366502
3.5741944363559095,35.119604366502
3.584402587629389,35.169604366502
3.5946394564542428,35.219604366502004
3.6049051260891782,35.269604366502
3.6151996800200874,35.319604366502
3.625523201960738,35.369604366502
3.6358757758534646,35.419604366502
3.6462574858698846,35.469604366502004
3.6566684164116023,35.519604366502
3.6671086521109117,35.569604366502
3.677578277831507,35.619604366502
3.688077378669187,35.669604366502
3.6986060399525806,35.719604366502004
3.709164347243837,35.769604366502
3.7197523863393673,35.819604366502
3.7303702432705443,35.869604366502
3.741018004304424,35.919604366502
3.751695755944473,35.969604366502004
3.7624035849312794,36.019604366502
3.773141578243286,36.069604366502
3.783909823097514,36.119604366502
3.794708406950282,36.169604366502
3.8055374174979573,36.219604366502004
3.8163969426776516,36.269604366502
3.827287070667984,36.319604366502
3.8382078898898158,36.369604366502
3.849159489006956,36.419604366502
3.8601419569269337,36.469604366502004
3.871155382801716,36.519604366502
3.882199856028469,36.569604366502
3.893275466250284,36.619604366502
3.904382303356924,36.669604366502
3.915520457485584,36.719604366502004
3.926690019021635,36.769604366502
3.9378910785993626,36.819604366502
3.949123727102742,36.869604366502
3.960388055666168,36.919604366502
3.9716841556752356,36.969604366502004
3.98301211876748,37.019604366502
3.9943720368331506,37.069604366502
4.005764002015956,37.119604366502
4.017188106713857,37.169604366502
4.028644443579797,37.219604366502004
4.040133105522497,37.269604366502
4.051654185707215,37.319604366502
4.063207777556524,37.369604366502
4.074793974751074,37.419604366502
4.086412871230377,37.469604366502004
4.098064561193586,37.519604366502
4.10974913910027,37.569604366502
4.121466699671198,37.619604366502
4.133217337889126,37.669604366502
4.145001148999567,37.719604366502004
4.156818228511606,37.769604366502
4.16866867219866,37.819604366502
4.180552576099292,37.869604366502
4.192470036517999,37.919604366502
4.204421150025998,37.969604366502004
4.216406013462029,38.019604366502
4.228424723933167,38.069604366502
4.24047737881561,38.119604366502
4.252564075755477,38.169604366502
4.264684912669638,38.219604366502004
4.276839987746498,38.269604366502
4.28902939944681,38.319604366502
4.301253246504514,38.369604366502
4.3135116279275145,38.419604366502
4.325804642998514,38.469604366502004
4.33813239127583,38.519604366502
4.350494972594228,38.569604366502
4.3628924870657135,38.619604366502
4.3753250350803885,38.669604366502
4.387792717307265,38.719604366502004
4.400295634695085,38.769604366502
4.412833888473164,38.819604366502
4.425407580152232,38.869604366502
4.438016811525239,38.919604366502
4.4506616846682325,38.969604366502004
4.463342301941162,39.019604366502
4.47605876598873,39.069604366502
4.488811179741261,39.119604366502
4.501599646415517,39.169604366502
4.51442426951556,39.219604366502004
4.527285152833597,39.269604366502
4.540182400450843,39.319604366502
4.5531161165763425,39.369604366502
4.566086406234834,39.419604366502
4.579093374179185,39.469604366502004
4.592137125655195,39.519604366502
4.605217766201955,39.569604366502
4.618335401652724,39.619604366502
4.631490138135798,39.669604366502
4.644682082075374,39.719604366502004
4.657911340192432,39.769604366502
4.6711780195056125,39.819604366502
4.684482227332077,39.869604366502
4.697824071288411,39.919604366502
4.711203659291493,39.969604366502004
4.724621099559378,40.019604366502
4.738076500612188,40.069604366502
4.751569971273013,40.119604366502
4.765101620668786,40.169604366502
4.778671558231176,40.219604366502004
4.792279893697505,40.269604366502
4.805926737111624,40.319604366502
4.819612198824828,40.369604366502
4.833336389496753,40.419604366502
4.847099420096298,40.469604366502004
4.860901401902511,40.519604366502
4.874742446505503,40.569604366502
4.88862266580738,40.619604366502
4.902542172023133,40.669604366502
4.916501077681591,40.719604366502004
4.930499495626306,40.769604366502
4.944537539016486,40.819604366502
4.958615321327944,40.869604366502
4.972732956353988,40.919604366502
4.986890558206384,40.969604366502004
5.0010882413162685,41.019604366502
5.0153261204350965,41.069604366502
5.029604310635568,41.119604366502
5.043922927312585,41.169604366502
5.058282086184179,41.219604366502004
5.072681903292456,41.269604366502
5.0871224950045555,41.319604366502
5.101603978013597,41.369604366502
5.116126469339637,41.419604366502
5.130690086330612,41.469604366502004
5.145294946663301,41.519604366502
5.159941168344302,41.569604366502
5.174628869710967,41.619604366502
5.189358169432406,41.669604366502
5.2041291865104204,41.719604366502004
5.218942040280481,41.769604366502
5.233796850412722,41.819604366502
5.248693736912902,41.869604366502
5.2636328201233695,41.919604366502
5.278614220724084,41.969604366502004
5.293638059733558,42.019604366502
5.308704458509873,42.069604366502
5.323813538751644,42.119604366502
5.338965422499045,42.169604366502
5.354160232134773,42.219604366502004
5.369398090385061,42.269604366502
5.384679120320676,42.319604366502
5.40000344535791,42.369604366502
5.415371189259629,42.419604366502
5.430782476136207,42.469604366502004
5.446237430446613,42.519604366502
5.461736176999373,42.569604366502
5.477278840953618,42.619604366502
5.492865547820081,42.669604366502
5.508496423462134,42.719604366502004
5.52417159409681,42.769604366502
5.53989118629582,42.819604366502
5.555655326986607,42.869604366502
5.571464143453358,42.919604366502
5.587317763338045,42.969604366502004
5.603216314641467,43.019604366502
5.61915992572429,43.069604366502
5.6351487253080945,43.119604366502
5.651182842476425,43.169604366502
5.667262406675836,43.219604366502004
5.683387547716937,43.269604366502
5.699558395775462,43.319604366502
5.715775081393332,43.369604366502
5.732037735479691,43.419604366502
5.7483464893120155,43.469604366502004
5.764701474537122,43.519604366502
5.781102823172297,43.569604366502
5.797550667606347,43.619604366502
5.814045140600632,43.669604366502
5.8305863752902365,43.719604366502004
5.847174505184966,43.769604366502
5.863809664170478,43.819604366502
5.880491986509357,43.869604366502
5.897221606842216,43.919604366502
5.91399866018877,43.969604366502004
5.930823281948949,44.019604366502
5.947695607903997,44.069604366502
5.964615774217574,44.119604366502
5.981583917436853,44.169604366502
5.998600174493644,44.219604366502004
6.015664682705504,44.269604366502
6.0327775797768455,44.319604366502
6.0499390038000405,44.369604366502
6.06714909325659,44.419604366502
6.084407987018181,44.469604366502004
6.101715824347886,44.519604366502
6.119072744901231,44.569604366502
6.136478888727381,44.619604366502
6.153934396270223,44.669604366502
6.171439408369566,44.719604366502004
6.188994066262232,44.769604366502
6.20659851158324,44.819604366502
6.22425288636692,44.869604366502
6.241957333048115,44.919604366502
6.25971199446328,44.969604366502004
6.277517013851684,45.019604366502
6.295372534856546,45.069604366502
6.313278701526226,45.119604366502
6.331235658315361,45.169604366502
6.349243550086073,45.219604366502004
6.36730252210911,45.269604366502
6.385412720065048,45.319604366502
6.4035742900454675,45.369604366502
6.421787378554123,45.419604366502
6.440052132508169,45.469604366502004
6.458368699239304,45.519604366502
6.476737226494981,45.569604366502
6.495157862439638,45.619604366502
6.513630755655859,45.669604366502
6.532156055145587,45.719604366502004
6.550733910331355,45.769604366502
6.569364471057461,45.819604366502
6.588047887591212,45.869604366502
6.606784310624135,45.919604366502
6.6255738912731825,45.969604366502
6.644416781081986,46.019604366502
6.663313132022065,46.069604366502
6.682263096494047,46.119604366502
6.701266827328934,46.169604366502
6.720324477789306,46.219604366502
6.7394362015706015,46.269604366502
6.758602152802345,46.319604366502
6.777822486049363,46.369604366502
6.7970973563130865,46.419604366502
6.81642691903278,46.469604366502
6.835811330086832,46.519604366502
6.855250745793946,46.569604366502
6.87474532291449,46.619604366502
6.894295218651721,46.669604366502
6.913900590653036,46.719604366502
6.9335615970113444,46.769604366502
6.953278396266224,46.819604366502
6.973051147405279,46.869604366502
6.992880009865428,46.919604366502
7.012765143534159,46.969604366502
7.03270670875086,47.019604366502
7.052704866308085,47.069604366502
7.072759777452894,47.119604366502
7.092871603888115,47.169604366502
7.113040507773674,47.219604366502
7.133266651727928,47.269604366502
7.153550198828947,47.319604366502
7.173891312615849,47.369604366502
7.1942901570901165,47.419604366502
7.214746896716942,47.469604366502
7.235261696426546,47.519604366502
7.255834721615506,47.569604366502
7.2764661381480975,47.619604366502
7.297156112357649,47.669604366502
7.317904811047884,47.719604366502
7.3387124014942575,47.769604366502
7.3595790514453165,47.819604366502
7.38050492912406,47.869604366502
7.401490203229303,47.919604366502
7.422535042937013,47.969604366502
7.443639617901747,48.019604366502
7.464804098257946,48.069604366502
7.486028654621341,48.119604366502
7.507313458090357,48.169604366502
7.528658680247466,48.219604366502
7.550064493160593,48.269604366502
7.5715310693844735,48.319604366502
7.5930585819621,48.369604366502
7.614647204426092,48.419604366502
7.636297110800104,48.469604366502
7.6580084756002345,48.519604366502
7.6797814738364085,48.569604366502
7.701616281013863,48.619604366502
7.723513073134494,48.669604366502
7.745472026698312,48.719604366502
7.7674933187048785,48.769604366502
7.789577126654698,48.819604366502
7.811723628550712,48.869604366502
7.8339330028996645,48.919604366502
7.856205428713618,48.969604366502
7.878541085511355,49.019604366502
7.900940153319854,49.069604366502
7.923402812675702,49.119604366502
7.945929244626613,49.169604366502
7.968519630732855,49.219604366502
7.9911741530687275,49.269604366502
8.013892994224019,49.319604366502
8.036676337305503,49.369604366502
8.059524365938413,49.419604366502
8.082437264267906,49.469604366502
8.105415216960594,49.519604366502
8.128458409205987,49.569604366502
8.151567026718014,49.619604366502
8.174741255736537,49.669604366502
8.197981283028817,49.719604366502
8.221287295891077,49.769604366502
8.244659482149954,49.819604366502
8.268098030164062,49.869604366502
8.291603128825502,49.919604366502
8.315174967561367,49.969604366502
8.338813736335336,50.019604366502
8.362519625649103,50.069604366502
8.386292826544011,50.119604366502
8.410133530602558,50.169604366502
8.434041929949931,50.219604366502
8.458018217255617,50.269604366502
8.482062585734853,50.319604366502
8.506175229150285,50.369604366502
8.530356341813516,50.419604366502
8.554606118586612,50.469604366502
8.578924754883763,50.519604366502
8.603312446672795,50.569604366502
8.627769390476779,50.619604366502
8.652295783375616,50.669604366502
8.676891823007653,50.719604366502
8.701557707571217,50.769604366502
8.726293635826288,50.819604366502
8.751099807096043,50.869604366502
8.775976421268487,50.919604366502
8.800923678798108,50.969604366502
8.825941780707442,51.019604366502
8.8510309285887,51.069604366502
8.876191324605411,51.119604366502
8.901423171494079,51.169604366502
8.926726672565763,51.219604366502
8.952102031707769,51.269604366502
8.977549453385263,51.319604366502
9.003069142642952,51.369604366502
9.028661305106708,51.419604366502
9.054326146985234,51.469604366502
9.08006387507177,51.519604366502
9.105874696745698,51.569604366502
9.13175881997425,51.619604366502
9.15771645331419,51.669604366502
9.183747805913512,51.719604366502
9.209853087513086,51.769604366502
9.236032508448359,51.819604366502
9.262286279651109,51.869604366502
9.288614612651052,51.919604366502
9.315017719577648,51.969604366502
9.341495813161758,52.019604366502
9.368049106737354,52.069604366502
9.394677814243266,52.119604366502
9.421382150224913,52.169604366502
9.44816232983598,52.219604366502004
9.475018568840255,52.269604366502
9.501951083613267,52.319604366502
9.5289600911441,52.369604366502
9.556045809037109,52.419604366502
9.583208455513686,52.469604366502004
9.610448249414029,52.519604366502
9.637765410198892,52.569604366502
9.665160157951386,52.619604366502
9.692632713378726,52.669604366502
9.720183297813982,52.719604366502004
9.747812133217964,52.769604366502
9.77551944218092,52.819604366502
9.803305447924355,52.869604366502
9.831170374302864,52.919604366502
9.8591144458059,52.969604366502004
9.887137887559609,53.019604366502
9.91524092532862,53.069604366502
9.94342378551792,53.119604366502
9.971686695174606,53.169604366502
10.000029881989784,53.219604366502004
10.028453574300352,53.269604366502
10.056958001090887,53.319604366502
10.085543391995468,53.369604366502
10.114209977299534,53.419604366502
10.14295798794173,53.469604366502004
10.171787655515802,53.519604366502
10.200699212272422,53.569604366502
10.229692891121111,53.619604366502
10.258768925632054,53.669604366502
10.287927550038043,53.719604366502004
10.317168999236358,53.769604366502
10.346493508790614,53.819604366502
10.375901314932715,53.869604366502
10.405392654564737,53.919604366502
10.434967765260838,53.969604366502004
10.46462688526919,54.019604366502
10.494370253513853,54.069604366502
10.524198109596794,54.119604366502
10.5541106937997,54.169604366502
10.58410824708603,54.219604366502004
10.61419101110286,54.269604366502
10.644359228182934,54.319604366502
10.674613141346496,54.369604366502
10.704952994303378,54.419604366502
10.735379031454894,54.469604366502004
10.765891497895758,54.519604366502
10.796490639416215,54.569604366502
10.827176702503879,54.619604366502
10.857949934345783,54.669604366502
10.88881058283036,54.719604366502004
10.919758896549453,54.769604366502
10.950795124800326,54.819604366502
10.98191951758762,54.869604366502
11.01313232562546,54.919604366502
11.044433800339384,54.969604366502004
11.07582419386841,55.019604366502
11.107303759067124,55.069604366502
11.13887274950761,55.119604366502
11.170531419481588,55.169604366502
11.202280024002398,55.219604366502004
11.234118818807113,55.269604366502
11.266048060358552,55.319604366502
11.298068005847384,55.369604366502
11.330178913194166,55.419604366502
11.362381041051487,55.469604366502004
11.394674648805951,55.519604366502
11.427059996580402,55.569604366502
11.459537345235873,55.619604366502
11.492106956373798,55.669604366502
11.524769092338087,55.719604366502004
11.55752401621723,55.769604366502
11.590371991846464,55.819604366502
11.623313283809797,55.869604366502
11.65634815744228,55.919604366502
11.689476878832007,55.969604366502004
11.722699714822381,56.019604366502
11.756016933014193,56.069604366502
11.789428801767805,56.119604366502
11.822935590205303,56.169604366502
11.856537568212653,56.219604366502004
11.890235006441909,56.269604366502
11.92402817631339,56.319604366502
11.95791735001786,56.369604366502
11.991902800518682,56.419604366502
12.025984801554106,56.469604366502004
12.060163627639373,56.519604366502
12.094439554069051,56.569604366502
12.128812856919112,56.619604366502
12.163283813049276,56.669604366502
12.197852700105182,56.719604366502004
12.232519796520647,56.769604366502
12.267285381519864,56.819604366502
12.302149735119775,56.869604366502
12.337113138132159,56.919604366502
12.372175872166046,56.969604366502004
12.407338219629857,57.019604366502
12.442600463733834,57.069604366502
12.477962888492149,57.119604366502
12.513425778725342,57.169604366502
12.54898942006252,57.219604366502004
12.584654098943679,57.269604366502
12.620420102622088,57.319604366502
12.656287719166462,57.369604366502
12.692257237463439,57.419604366502
12.728328947219799,57.469604366502004
12.764503138964814,57.519604366502
12.800780104052667,57.569604366502
12.837160134664687,57.619604366502
12.873643523811763,57.669604366502
12.910230565336757,57.719604366502004
12.946921553916756,57.769604366502
12.983716785065559,57.819604366502
13.020616555135947,57.869604366502
13.057621161322196,57.919604366502
13.094730901662372,57.969604366502004
13.13194607504078,58.019604366502
13.169266981190342,58.069604366502
13.206693920695072,58.119604366502
13.24422719499243,58.169604366502
13.281867106375792,58.219604366502004
13.319613957996866,58.269604366502
13.357468053868152,58.319604366502
13.39542969886538,58.369604366502
13.43349919872997,58.419604366502
13.471676860071488,58.469604366502004
13.50996299037015,58.519604366502
13.54835789797925,58.569604366502
13.586861892127672,58.619604366502
13.625475282922396,58.669604366502
13.664198381350975,58.719604366502004
13.703031499284032,58.769604366502
13.741974949477832,58.819604366502
13.781029045576659,58.869604366502
13.820194102115565,58.919604366502
13.859470434522718,58.969604366502004
13.898858359121993,59.019604366502
13.938358193135581,59.069604366502
13.977970254686479,59.119604366502
14.017694862801031,59.169604366502
14.057532337411654,59.219604366502004
14.097482999359192,59.269604366502
14.137547170395644,59.319604366502
14.177725173186769,59.369604366502
14.218017331314593,59.419604366502
14.258423969280097,59.469604366502004
14.29894541250577,59.519604366502
14.339581987338303,59.569604366502
14.380334021051139,59.619604366502
14.421201841847171,59.669604366502
14.462185778861368,59.719604366502004
14.5032861621634,59.769604366502
14.544503322760338,59.819604366502
14.585837592599292,59.869604366502
14.627289304570125,59.919604366502
14.66885879250807,59.969604366502004
14.710546391196482,60.019604366502
14.75235243636949,60.069604366502
14.794277264714731,60.119604366502
14.836321213876097,60.169604366502
14.878484622456325,60.219604366502004
14.920767830019894,60.269604366502
14.963171177095631,60.319604366502
15.005695005179536,60.369604366502
15.048339656737468,60.419604366502
15.091105475207952,60.469604366502004
15.133992805004967,60.519604366502
15.177001991520575,60.569604366502
15.22013338112797,60.619604366502
15.263387321184,60.669604366502
15.306764160032085,60.719604366502004
15.350264247005072,60.769604366502
15.393887932427944,60.819604366502
15.4376355676207,60.869604366502
15.481507504901217,60.919604366502
15.525504097587989,60.969604366502004
15.56962570000307,61.019604366502
15.613872667474885,61.069604366502
15.658245356341093,61.119604366502
15.702744123951483,61.169604366502
15.74736932867081,61.219604366502004
15.792121329881716,61.269604366502
15.837000487987615,61.319604366502
15.882007164415617,61.369604366502
15.927141721619371,61.419604366502
15.972404523082092,61.469604366502004
16.017795933319398,61.519604366502
16.063316317882244,61.569604366502
16.108966043360006,61.619604366502
16.154745477383248,61.669604366502
16.20065498862676,61.719604366502004
16.24669494681259,61.769604366502
16.292865722712907,61.819604366502
16.33916768815312,61.869604366502
16.385601216014724,61.919604366502
16.432166680238414,61.969604366502004
16.478864455827086,62.019604366502
16.52569491884883,62.069604366502
16.572658446439917,62.119604366502
16.61975541680794,62.169604366502
16.6669862092348,62.219604366502004
16.714351204079723,62.269604366502
16.76185078278242,62.319604366502
16.809485327866096,62.369604366502
16.857255222940545,62.419604366502
16.905160852705233,62.469604366502004
16.953202602952366,62.519604366502
17.001380860570105,62.569604366502
17.049696013545596,62.619604366502
17.098148450968086,62.669604366502
17.14673856303207,62.719604366502004
17.195466741040516,62.769604366502
17.244333377407845,62.819604366502
17.293338865663298,62.869604366502
17.34248360045396,62.919604366502
17.39176797754798,62.969604366502004
17.44119239383774,63.019604366502
17.490757247343133,63.069604366502
17.540462937214645,63.119604366502
17.590309863736696,63.169604366502
17.640298428330755,63.219604366502004
17.69042903355866,63.269604366502
17.740702083125775,63.319604366502
17.79111798188434,63.369604366502
17.841677135836647,63.419604366502
17.89237995213836,63.469604366502004
17.943226839101804,63.519604366502
17.99421820619916,63.569604366502
18.045354464065905,63.619604366502
18.096636024503997,63.669604366502
18.148063300485287,63.719604366502004
18.199636706154763,63.769604366502
18.251356656833956,63.819604366502
18.303223569024222,63.869604366502
18.355237860410156,63.919604366502
18.407399949862917,63.969604366502004
18.459710257443593,64.01960436650201
18.512169204406646,64.069604366502
18.564777213203218,64.119604366502
18.617534707484644,64.169604366502
18.670442112105743,64.21960436650201
18.723499853128292,64.26960436650201
18.776708357824504,64.319604366502
18.83006805468043,64.369604366502
18.883579373399392,64.419604366502
18.93724274490544,64.46960436650201
18.991058601346882,64.51960436650201
19.04502737609968,64.569604366502
19.099149503771038,64.619604366502
19.153425420202858,64.669604366502
19.207855562475192,64.71960436650201
19.262440368909818,64.76960436650201
19.317180279073824,64.819604366502
19.372075733783063,64.869604366502
19.427127175105706,64.919604366502
19.482335046365883,64.96960436650201
19.53769979214714,65.01960436650201
19.593221858296094,65.069604366502
19.648901691926106,65.119604366502
19.704739741420624,65.169604366502
19.760736456437094,65.21960436650201
19.816892287910317,65.26960436650201
19.87320768805635,65.319604366502
19.929683110375933,65.369604366502
19.98631900965818,65.419604366502
20.043115841984363,65.46960436650201
20.100074064731405,65.51960436650201
20.15719413657573,65.569604366502
20.21447651749686,65.619604366502
20.271921668781175,65.669604366502
20.329530053025525,65.71960436650201
20.387302134141112,65.76960436650201
20.445238377357107,65.819604366502
20.50333924922441,65.869604366502
20.561605217619487,65.919604366502
20.62003675174806,65.96960436650201
20.678634322148877,66.01960436650201
20.737398400697565,66.069604366502
20.796329460610426,66.119604366502
20.855427976448173,66.169604366502
20.914694424119816,66.21960436650201
20.974129280886483,66.26960436650201
21.033733025365247,66.319604366502
21.09350613753304,66.369604366502
21.15344909873047,66.419604366502
21.21356239166562,66.46960436650201
21.27384650041808,66.51960436650201
21.33430191044278,66.569604366502
21.394929108573912,66.619604366502
21.455728583028826,66.669604366502
21.516700823411966,66.71960436650201
21.57784632071883,66.76960436650201
21.63916556733992,66.819604366502
21.70065905706474,66.869604366502
21.762327285085696,66.919604366502
21.824170748002174,66.96960436650201
21.88618994382442,67.01960436650201
21.948385371977658,67.069604366502
22.01075753330613,67.119604366502
22.07333840902122,67.169604366502
22.13603406598464,67.21960436650201
22.198939446154224,67.26960436650201
22.26202357714632,67.319604366502
22.325286966960736,67.369604366502
22.388730125040546,67.419604366502
22.45235356227635,67.46960436650201
22.516157791010208,67.51960436650201
22.580143325039927,67.569604366502
22.64431067962315,67.619604366502
22.70866037148144,67.669604366502
22.773192918804575,67.71960436650201
22.83790884125452,67.76960436650201
22.902808659969832,67.819604366502
22.967892897569715,67.869604366502
23.0331620781583,67.919604366502
23.098616727328803,67.96960436650201
23.16425737216782,68.01960436650201
23.230084541259508,68.069604366502
23.296098764689926,68.119604366502
23.362300574051243,68.169604366502
23.42869050244598,68.21960436650201
23.495269084491433,68.26960436650201
23.56203685632383,68.319604366502
23.62899435560278,68.369604366502
23.696142121515496,68.419604366502
23.76348069478124,68.46960436650201
23.831010617655572,68.51960436650201
23.89873243393474,68.569604366502
23.966646688960186,68.619604366502
24.034753929622774,68.669604366502
24.103054704367228,68.71960436650201
24.171549563196624,68.76960436650201
24.24023905767677,68.819604366502
24.309123740940638,68.869604366502
24.378204167692886,68.919604366502
24.447480894214188,68.96960436650201
24.516954478365847,69.01960436650201
24.58662547959423,69.069604366502
24.656494458935303,69.119604366502
24.726561979019067,69.169604366502
24.796828604074268,69.21960436650201
24.86729489993267,69.26960436650201
24.937961434033863,69.319604366502
25.008828775429752,69.369604366502
25.079897494789073,69.419604366502
25.15116816440208,69.46960436650201
25.222641358185005,69.51960436650201
25.294317651684903,69.569604366502
25.36619762208419,69.619604366502
25.43828184820518,69.669604366502
25.51057091051491,69.71960436650201
25.583065391129676,69.76960436650201
25.655765873819856,69.819604366502
25.72867294401451,69.869604366502
25.801787188806166,69.919604366502
25.87510919695544,69.96960436650201
25.9486395588959,70.01960436650201
26.022378866738787,70.069604366502
26.096327714277724,70.119604366502
26.1704866969936,70.169604366502
26.244856412059235,70.21960436650201
26.31943745834434,70.26960436650201
26.39423043642013,70.319604366502
26.46923594856445,70.369604366502
26.544454598766364,70.419604366502
26.619886992731185,70.46960436650201
26.69553373788527,70.51960436650201
26.771395443380854,70.569604366502
26.847472720101177,70.619604366502
26.923766180665176,70.669604366502
27.00027643943249,70.71960436650201
27.0770041125085,70.76960436650201
27.153949817749115,70.819604366502
27.231114174765956,70.869604366502
27.30849780493113,70.919604366502
27.38610133138244,70.96960436650201
27.46392537902821,71.01960436650201
27.541970574552458,71.069604366502
27.62023754664715,71.119604366502
27.698726925142985,71.169604366502
27.777439342275407,71.21960436650201
27.856375431881638,71.26960436650201
27.935535829599914,71.319604366502
28.014921172874562,71.369604366502
28.09453210096127,71.419604366502
28.174369254932138,71.46960436650201
28.254433277680715,71.51960436650201
28.33472481392746,71.569604366502
28.41524451022478,71.619604366502
28.4959930149621,71.669604366502
28.57697097837142,71.71960436650201
28.658179052532226,71.76960436650201
28.739617891376874,71.819604366502
28.821288150695906,71.869604366502
28.903190488143267,71.919604366502
28.985325563241677,71.96960436650201
29.067694037387696,72.01960436650201
29.150296573857396,72.069604366502
29.233133837811522,72.119604366502
29.316206496300804,72.169604366502
29.39951521827144,72.21960436650201
29.483060674570407,72.26960436650201
29.566843537950948,72.319604366502
29.65086448307781,72.369604366502
29.73512418653292,72.419604366502
29.819623326820704,72.46960436650201
29.904362584373445,72.51960436650201
29.989342641557013,72.569604366502
30.074564182676106,72.619604366502
30.16002789398006,72.669604366502
30.245734463668015,72.71960436650201
30.33168458189464,72.76960436650201
30.417878940775775,72.819604366502
30.50431823439389,72.869604366502
30.591003158803776,72.919604366502
30.6779344120379,72.96960436650201
30.765112694112283,73.01960436650201
30.852538707032156,73.069604366502
30.940213154797306,73.119604366502
31.028136743408197,73.169604366502
31.11631018087129,73.21960436650201
31.204734177204713,73.26960436650201
31.293409444444467,73.319604366502
31.382336696649478,73.369604366502
31.471516649907908,73.419604366502
31.56095002234268,73.46960436650201
31.65063753411724,73.51960436650201
31.740579907441415,73.569604366502
31.830777866577233,73.619604366502
31.92123213784463,73.669604366502
32.01194344962772,73.71960436650201
32.10291253237991,73.76960436650201
32.19414011863058,73.819604366502
32.28562694299047,73.869604366502
32.37737374215773,73.919604366502
32.469381254924016,73.96960436650201
32.56165022218013,74.01960436650201
32.654181386922176,74.069604366502
32.7469754942576,74.119604366502
32.84003329141104,74.169604366502
32.93335552773056,74.21960436650201
33.0269429546933,74.26960436650201
33.120796325911805,74.319604366502
33.21491639714029,74.369604366502
33.30930392628028,74.419604366502
33.40395967338694,74.46960436650201
33.49888440067526,74.51960436650201
33.594078872525984,74.569604366502
33.68954385549194,74.619604366502
33.78528011830428,74.669604366502
33.8812884318785,74.71960436650201
33.97756956932053,74.76960436650201
34.07412430593334,74.819604366502
34.170953419222954,74.869604366502
34.26805768890463,74.919604366502
34.36543789690933,74.96960436650201
34.463094827389824,75.01960436650201
34.561029266727296,75.069604366502
34.65924200353728,75.119604366502
34.757733828676386,75.169604366502
34.85650553524848,75.21960436650201
34.95555791861085,75.26960436650201
35.05489177638123,75.319604366502
35.154507908443655,75.369604366502
35.25440711695504,75.419604366502
35.35459020635191,75.46960436650201
35.45505798335637,75.51960436650201
35.55581125698302,75.569604366502
35.65685083854554,75.619604366502
35.75817754166266,75.669604366502
35.85979218226542,75.71960436650201
35.96169557860325,75.76960436650201
36.063888551250535,75.819604366502
36.166371923113715,75.869604366502
36.26914651943741,75.919604366502
36.37221316781135,75.96960436650201
36.475572698176805,76.01960436650201
36.579225955385745,76.069604366502
36.68317374916944,76.119604366502
36.787416928915846,76.169604366502
36.89195633403798,76.21960436650201
36.99679280633408,76.26960436650201
37.10192718999431,76.319604366502
37.20736033160786,76.369604366502
37.31309308016957,76.419604366502
37.41912628708678,76.46960436650201
37.52546080618617,76.51960436650201
37.63209749372078,76.569604366502
37.73903720837672,76.619604366502
37.84628081128031,76.669604366502
37.95382915414958,76.71960436650201
38.06168312710032,76.76960436650201
38.169843586443626,76.819604366502
38.27831140313732,76.869604366502
38.38708745061453,76.919604366502
38.496172604789884,76.96960436650201
38.60556774406745,77.01960436650201
38.71527374934695,77.069604366502
38.82529150403176,77.119604366502
38.9356218940349,77.169604366502
39.04626580778752,77.21960436650201
39.15722413624503,77.26960436650201
39.2684977728944,77.319604366502
39.38008761376175,77.369604366502
39.49199455741949,77.419604366502
39.60421950499317,77.46960436650201
39.71676336016922,77.51960436650201
39.829627029201696,77.569604366502
39.94281142092023,77.619604366502
40.05631744673678,77.669604366502
40.17014602065329,77.71960436650201
40.28429805926889,77.76960436650201
40.398774481787406,77.819604366502
40.51357621002459,77.869604366502
40.62870416841576,77.91960436650201
40.74415928402307,77.96960436650201
40.85994248654299,78.01960436650201
40.97605470831416,78.069604366502
41.09249688432401,78.119604366502
41.209269952217234,78.16960436650201
41.32637485230292,78.21960436650201
41.44381252756221,78.26960436650201
41.56158392365562,78.319604366502
41.679689988931244,78.369604366502
41.79813167443146,78.41960436650201
41.91690993390187,78.46960436650201
42.036025723797714,78.51960436650201
42.155480003292496,78.569604366502
42.275273734284966,78.619604366502
42.39540788140763,78.66960436650201
42.515883412033816,78.71960436650201
42.63670129628585,78.76960436650201
42.75786250704303,78.819604366502
42.879368019948785,78.869604366502
43.00121881341932,78.91960436650201
43.12341586865109,78.96960436650201
43.24596016962866,79.01960436650201
43.3688527031327,79.069604366502
43.492094458748,79.119604366502
43.61568642887145,79.16960436650201
43.73962960871996,79.21960436650201
43.86392499633837,79.26960436650201
43.98857359260767,79.319604366502
44.1135764012531,79.369604366502
44.23893442885207,79.41960436650201
44.364648684842074,79.46960436650201
44.49072018152954,79.51960436650201
44.61714993409711,79.569604366502
44.74393896061237,79.619604366502
44.87108828203584,79.66960436650201
44.9985989222293,79.71960436650201
45.126471907964124,79.76960436650201
45.25470826892907,79.819604366502
45.38330903773914,79.869604366502
45.51227524994347,79.91960436650201
45.64160794403418,79.96960436650201
45.7713081614542,80.01960436650201
45.90137694660583,80.069604366502
46.03181534685934,80.119604366502
46.16262441256102,80.16960436650201
46.29380519704238,80.21960436650201
46.42535875662744,80.26960436650201
46.557286150642526,80.319604366502
46.6895884414238,80.369604366502
46.82226669432649,80.41960436650201
46.95532197773287,80.46960436650201
47.08875536306155,80.51960436650201
47.22256792477553,80.569604366502
47.35676074039114,80.619604366502
47.49133489048635,80.66960436650201
47.6262914587103,80.71960436650201
47.76163153179111,80.76960436650201
47.89735619954496,80.819604366502
48.033466554885116,80.869604366502
48.16996369383058,80.91960436650201
48.306848715514526,80.96960436650201
48.44412272219371,81.01960436650201
48.58178681925729,81.069604366502
48.71984211523511,81.119604366502
48.85828972180753,81.16960436650201
48.99713075381357,81.21960436650201
49.13636632926062,81.26960436650201
49.275997569332695,81.319604366502
49.41602559840003,81.369604366502
49.55645154402784,81.41960436650201
49.697276536985534,81.46960436650201
49.838501711256015,81.51960436650201
49.98012820404411,81.569604366502
50.12215715578654,81.619604366502
50.26458971016077,81.66960436650201
50.40742701409381,81.71960436650201
50.550670217772506,81.76960436650201
50.69432047465148,81.819604366502
50.83837894146367,81.869604366502
50.98284677822858,81.91960436650201
51.12772514826231,81.96960436650201
51.273015218186856,82.01960436650201
51.41871815793899,82.069604366502
51.56483514078041,82.119604366502
51.711367343306726,82.16960436650201
51.85831594545669,82.21960436650201
52.00568213052268,82.26960436650201
52.15346708515914,82.319604366502
52.3016719993929,82.369604366502
52.45029806663193,82.41960436650201
52.59934648367604,82.46960436650201
52.74881845072571,82.51960436650201
52.8987151713917,82.569604366502
53.04903785270565,82.619604366502
53.19978770512881,82.66960436650201
53.350965942562105,82.71960436650201
53.50257378235611,82.76960436650201
53.65461244532042,82.819604366502
53.807083155734404,82.869604366502
53.95998714135577,82.91960436650201
54.11332563343146,82.96960436650201
54.26709986670698,83.01960436650201
54.42131107943677,83.069604366502
54.5759605133941,83.119604366502
54.73104941388051,83.16960436650201
54.88657902973677,83.21960436650201
55.04255061335199,83.26960436650201
55.19896578923943,83.319604366502
55.35582507636526,83.369604366502
55.51313010877411,83.41960436650201
55.6708817979638,83.46960436650201
55.829082131129766,83.51960436650201
55.98773202148216,83.569604366502
56.14683274653595,83.619604366502
56.30638558743631,83.66960436650201
56.46639182896886,83.71960436650201
56.62685275957045,83.76960436650201
56.78776967133896,83.819604366502
56.94914386004424,83.869604366502
57.110976625137994,83.91960436650201
57.273269269765066,83.96960436650201
57.4360231007727,84.01960436650201
57.5992394287224,84.069604366502
57.76291956789946,84.119604366502
57.92706483632418,84.16960436650201
58.09167655576212,84.21960436650201
58.256756051734925,84.26960436650201
58.422304653530894,84.319604366502
58.58832369421608,84.369604366502
58.75481451064387,84.41960436650201
58.921778443467254,84.46960436650201
59.089216837148946,84.51960436650201
59.257131039971675,84.569604366502
59.425522404050014,84.619604366502
59.59439228534051,84.66960436650201
59.76374204365326,84.71960436650201
59.93357304266199,84.76960436650201
60.10388664991608,84.819604366502
60.27468423685073,84.869604366502
60.44596717879838,84.91960436650201
60.61773685499973,84.96960436650201
60.78999464861489,85.01960436650201
60.96274194673427,85.069604366502
61.13598014039024,85.119604366502
61.30971062456799,85.16960436650201
61.4839347982166,85.21960436650201
61.65865406426056,85.26960436650201
61.83386982961131,85.319604366502
62.00958350517789,85.369604366502
62.1857965058789,85.41960436650201
62.36251025065362,85.46960436650201
62.53972616247371,85.51960436650201
62.71744566835432,85.569604366502
62.89567019936561,85.619604366502
63.074401190644245,85.66960436650201
63.25364008140571,85.71960436650201
63.43338831495478,85.76960436650201
63.6136473386976,85.819604366502
63.79441860415359,85.869604366502
63.97570356696716,85.91960436650201
64.15750368691842,85.96960436650201
64.33982042793667,86.01960436650201
64.52265525811055,86.069604366502
64.70600964970099,86.119604366502
64.88988507915212,86.16960436650201
65.07428302710406,86.21960436650201
65.25920497840427,86.26960436650201
65.44465242211983,86.319604366502
65.63062685154904,86.369604366502
65.81712976423401,86.41960436650201
66.00416266197206,86.46960436650201
66.1917270508282,86.51960436650201
66.37982444114748,86.569604366502
66.5684563475665,86.619604366502
66.75762428902623,86.66960436650201
66.94732978878399,86.71960436650201
67.1375743744256,86.76960436650201
67.32835957787795,86.819604366502
67.51968693542076,86.869604366502
67.7115579877,86.91960436650201
67.90397427973923,86.96960436650201
68.09693736095285,87.01960436650201
68.29044878515748,87.069604366502
68.48451011058631,87.119604366502
68.6791228998996,87.16960436650201
68.87428872019855,87.21960436650201
69.07000914303764,87.26960436650201
69.2662857444369,87.319604366502
69.46312010489525,87.369604366502
69.66051380940313,87.41960436650201
69.8584684474543,87.46960436650201
70.05698561305981,87.51960436650201
70.2560669047603,87.569604366502
70.45571392563934,87.619604366502
70.65592828333526,87.66960436650201
70.85671159005508,87.71960436650201
71.05806546258756,87.76960436650201
71.25999152231537,87.819604366502
71.46249139522911,87.869604366502
71.66556671193966,87.91960436650201
71.86921910769142,87.96960436650201
72.07345022237594,88.01960436650201
72.27826170054477,88.069604366502
72.48365519142287,88.119604366502
72.68963234892145,88.16960436650201
72.89619483165171,88.21960436650201
73.10334430293881,88.26960436650201
73.3110824308333,88.319604366502
73.51941088812687,88.369604366502
73.72833135236405,88.41960436650201
73.93784550585724,88.46960436650201
74.14795503569867,88.51960436650201
74.35866163377516,88.569604366502
74.56996699678112,88.619604366502
74.78187282623273,88.66960436650201
74.99438082848108,88.71960436650201
75.20749271472636,88.76960436650201
75.42121020103157,88.819604366502
75.63553500833575,88.869604366502
75.85046886246877,88.91960436650201
76.06601349416462,88.96960436650201
76.28217063907569,89.01960436650201
76.49894203778611,89.069604366502
76.71632943582648,89.119604366502
76.93433458368796,89.16960436650201
77.15295923683554,89.21960436650201
77.37220515572304,89.26960436650201
77.59207410580669,89.319604366502
77.81256785755987,89.369604366502
78.03368818648705,89.41960436650201
78.25543687313782,89.46960436650201
78.47781570312209,89.51960436650201
78.70082646712346,89.569604366502
78.92447096091423,89.619604366502
79.14875098536977,89.66960436650201
79.37366834648309,89.71960436650201
79.59922485537915,89.76960436650201
79.82542232832931,89.819604366502
80.05226258676718,89.869604366502
80.27974745730083,89.91960436650201
80.50787877173028,89.96960436650201
80.73665836706031,90.01960436650201
80.96608808551603,90.069604366502
81.19616977455797,90.119604366502
81.4269052868959,90.16960436650201
81.65829648050493,90.21960436650201
81.89034521863957,90.26960436650201
82.12305336984979,90.319604366502
82.35642280799442,90.369604366502
82.59045541225808,90.41960436650201
82.82515306716503,90.46960436650201
83.06051766259527,90.51960436650201
83.2965510937984,90.569604366502
83.53325526141046,90.61960436650202
83.77063207146831,90.66960436650201
84.0086834354251,90.71960436650201
84.24741127016584,90.76960436650201
84.48681749802245,90.819604366502
84.72690963326198,90.86960436650202
84.96767284974152,90.91960436650201
85.20912584564385,90.96960436650201
85.45126497877314,91.01960436650201
85.69409219893085,91.069604366502
85.93760946145854,91.11960436650202
86.18181872725516,91.16960436650201
86.42672196279082,91.21960436650201
86.67232114012516,91.26960436650201
86.9186182369206,91.319604366502
87.16561523645984,91.36960436650202
87.4133141276618,91.41960436650201
87.66171690509647,91.46960436650201
87.91082556900317,91.51960436650201
88.16064212530387,91.569604366502
88.41116858562165,91.61960436650202
88.66240696729538,91.66960436650201
88.91435929339721,91.71960436650201
89.16702759274808,91.76960436650201
89.42041389993406,91.819604366502
89.67452025532285,91.86960436650202
89.92934870508024,91.91960436650201
90.18490130118698,91.96960436650201
90.44118010145445,92.01960436650201
90.69818716954217,92.069604366502
90.95592457497345,92.11960436650202
91.21439439315276,92.16960436650201
91.4735987053826,92.21960436650201
91.73353959887928,92.26960436650201
91.99421916679094,92.319604366502
92.25563950821319,92.36960436650202
92.51780272820697,92.41960436650201
92.78071093781558,92.46960436650201
93.04436625408063,92.51960436650201
93.30877080005962,92.569604366502
93.57392670484371,92.61960436650202
93.83983610357416,92.66960436650201
94.10650113745938,92.71960436650201
94.37392395379229,92.76960436650201
94.64210670596853,92.819604366502
94.9110515535025,92.86960436650202
95.18076066204507,92.91960436650201
95.45123620340173,92.96960436650201
95.72248035554945,93.01960436650201
95.99449530265419,93.069604366502
96.26728323508861,93.11960436650202
96.54084634944988,93.16960436650201
96.81518684857748,93.21960436650201
97.09030694157003,93.26960436650201
97.36620884380446,93.319604366502
97.64289477695262,93.36960436650202
97.92036696900023,93.41960436650201
98.19862765426352,93.46960436650201
98.47767907340842,93.51960436650201
98.75752347346827,93.569604366502
99.03816310786159,93.61960436650202
99.31960023641041,93.66960436650201
99.60183712535861,93.71960436650201
99.88487604738967,93.76960436650201
100.16871928164636,93.819604366502
100.45336911374685,93.86960436650202
100.73882783580505,93.91960436650201
101.02509774644834,93.96960436650201
101.31218115083566,94.01960436650201
101.60008036067718,94.069604366502
101.88879769425172,94.11960436650202
102.17833547642606,94.16960436650201
102.46869603867374,94.21960436650201
102.7598817190935,94.26960436650201
103.05189486242854,94.319604366502
103.34473782008445,94.36960436650202
103.6384129501494,94.41960436650201
103.93292261741207,94.46960436650201
104.22826919338179,94.51960436650201
104.52445505630651,94.569604366502
104.82148259119262,94.61960436650202
105.11935418982408,94.66960436650201
105.41807225078091,94.71960436650201
105.71763917946005,94.76960436650201
106.01805738809355,94.819604366502
106.31932929576811,94.86960436650202
106.62145732844508,94.91960436650201
106.92444391897918,94.96960436650201
107.22829150713903,95.01960436650201
107.53300253962618,95.069604366502
107.83857947009469,95.11960436650202
108.14502475917185,95.16960436650201
108.45234087447645,95.21960436650201
108.76053029064039,95.26960436650201
109.06959548932684,95.319604366502
109.3795389592517,95.36960436650202
109.69036319620305,95.41960436650201
110.00207070306101,95.46960436650201
110.31466398981821,95.51960436650201
110.6281455735999,95.569604366502
110.94251797868455,95.61960436650202
111.25778373652331,95.66960436650201
111.57394538576118,95.71960436650201
111.89100547225745,95.76960436650201
112.208966549106,95.819604366502
112.52783117665524,95.86960436650202
112.84760192253019,95.91960436650201
113.16828136165184,95.96960436650201
113.48987207625761,96.01960436650201
113.81237665592434,96.069604366502
114.1357976975866,96.11960436650202
114.4601378055591,96.16960436650201
114.78539959155653,96.21960436650201
115.11158567471708,96.26960436650201
115.43869868161921,96.319604366502
115.76674124630769,96.36960436650202
116.09571601031077,96.41960436650201
116.42562562266406,96.46960436650201
116.75647273993052,96.51960436650201
117.08826002622237,96.569604366502
117.42099015322279,96.61960436650202
117.75466580020645,96.66960436650201
118.08928965406193,96.71960436650201
118.42486440931327,96.76960436650201
118.76139229852642,96.819604366502
119.0988769717616,96.86960436650202
119.43732067604209,96.91960436650201
119.77672660321232,96.96960436650201
120.11709655206245,97.01960436650201
120.45843373101383,97.069604366502
120.8007408886487,97.11960436650202
121.1440207813605,97.16960436650201
121.48827617337443,97.21960436650201
121.83350983677182,97.26960436650201
122.17972455151087,97.319604366502
122.52692310544938,97.36960436650202
122.87510829436809,97.41960436650201
123.22428292199224,97.46960436650201
123.57444980001405,97.51960436650201
123.92561174811618,97.569604366502
124.27777159399386,97.61960436650202
124.63093217337786,97.66960436650201
124.98509633005666,97.71960436650201
125.34026691590087,97.76960436650201
125.6964467908843,97.819604366502
126.05363882310903,97.86960436650202
126.4118458888265,97.91960436650201
126.77107087246212,97.96960436650201
127.13131666663726,98.01960436650201
127.49258617219478,98.069604366502
127.85488229821902,98.11960436650202
128.21820796206217,98.16960436650201
128.5825660893664,98.21960436650201
128.94795961408764,98.26960436650201
129.31439147851952,98.319604366502
129.6818646333163,98.36960436650202
130.05038203751724,98.41960436650201
130.41994665857067,98.46960436650201
130.79056147235755,98.51960436650201
131.16222946321463,98.569604366502
131.53495362396006,98.61960436650202
131.908736955916,98.66960436650201
132.28358246893436,98.71960436650201
132.65949318141938,98.76960436650201
133.03647212035304,98.819604366502
133.41452232131854,98.86960436650202
133.79364682852676,98.91960436650201
134.17384869483743,98.96960436650201
134.55513098178707,99.01960436650201
134.93749675961104,99.069604366502
135.32094910727048,99.11960436650202
135.70549111247504,99.16960436650201
136.09112587170932,99.21960436650201
136.47785649025724,99.26960436650201
136.86568608222632,99.319604366502
137.25461777057478,99.36960436650202
137.64465468713377,99.41960436650201
138.03579997263537,99.46960436650201
138.42805677673553,99.51960436650201
138.82142825804195,99.569604366502
139.21591758413692,99.61960436650202
139.61152793160505,99.66960436650201
140.00826248605733,99.71960436650201
140.4061244421572,99.76960436650201
140.8051170036468,99.819604366502
141.20524338337174,99.86960436650202
141.6065068033084,99.91960436650201
142.00891049458792,99.96960436650201
