0,0.
0.07552999708818373,0.05
0.15069040678857437,0.1
0.22579693224851036,0.15000000000000002
0.30087193081534214,0.2
0.37592180203329795,0.25
0.45094830708154904,0.30000000000000004
0.5259513036037392,0.35000000000000003
0.600929709890482,0.4
0.6758819229636737,0.45
0.7508060260479978,0.5
0.8256999019315295,0.55
0.9005612995823994,0.6000000000000001
0.9753878756093088,0.65
1.0501772213009584,0.7000000000000001
1.124926880964293,0.75
1.199634364785506,0.8
1.2742971581178004,0.8500000000000001
1.348912728365714,0.9
1.4234785302094628,0.9500000000000001
1.4979920096558839,1.
1.572450607242731,1.05
1.646851760620794,1.1
1.7211929066711866,1.1500000000000001
1.7954714832701204,1.2000000000000002
1.869684930782646,1.25
1.9438306933453615,1.3
2.0179062199828537,1.35
2.0919089655916863,1.4000000000000001
2.1658363918177748,1.4500000000000002
2.239685967847087,1.5
2.313455171125192,1.55
2.3871414880178654,1.6
2.460742414422419,1.6500000000000001
2.5342554563374877,1.7000000000000002
2.6076781303974474,1.75
2.681007964376504,1.8
2.754242497666518,1.85
2.8273792817319072,1.9000000000000001
2.90041588054438,1.9500000000000002
2.9733498709997326,2.
3.0461788433186463,2.0500000000000003
3.118900401432981,2.1
3.191512163358931,2.15
3.2640117615581095,2.2
3.3363968432874866,2.25
3.408665070938988,2.3000000000000003
3.4808141223693427,2.35
3.552841691220849,2.4000000000000004
3.624745487233418,2.45
3.6965232365483653,2.5
3.7681726820042907,2.5500000000000003
3.839691583425323,2.6
3.9110777179019753,2.6500000000000004
3.9823288800648595,2.7
4.053442882351412,2.75
4.124417555265802,2.8000000000000003
4.1952507476321665,2.85
4.265940326841277,2.9000000000000004
4.3364841790907445,2.95
4.4068802096188575,3.
4.4771263429321255,3.0500000000000003
4.547220523026569,3.1
4.617160713602883,3.1500000000000004
4.686944898275435,3.2
4.756571080775207,3.25
4.826037285146714,3.3000000000000003
4.895341555938882,3.35
4.964481958390018,3.4000000000000004
5.033456578606784,3.45
5.102263523737299,3.5
5.170900922138328,3.5500000000000003
5.239366923536636,3.6
5.307659699184483,3.6500000000000004
5.375777442009321,3.7
5.443718366757679,3.75
5.511480710133284,3.8000000000000003
5.579062730929442,3.85
5.646462710155681,3.9000000000000004
5.713678951158692,3.95
5.780709779737586,4.
5.847553544253516,4.05
5.9142086157336236,4.1000000000000005
5.980673387969417,4.15
6.046946277609575,4.2
6.113025724247147,4.25
6.178910190501292,4.3
6.244598162093495,4.3500000000000005
6.310088147918323,4.4
6.375378680108742,4.45
6.440468314096065,4.5
6.505355628664527,4.55
6.570039226000524,4.6000000000000005
6.634517731736573,4.65
6.698789794990043,4.7
6.762854088396643,4.75
6.82670930813876,4.800000000000001
6.890354173968695,4.8500000000000005
6.953787429226762,4.9
7.017007840854423,4.95
7.080014199402355,5.
7.142805319033661,5.050000000000001
7.205380037522103,5.1000000000000005
7.267737216245555,5.15
7.329875740174635,5.2
7.391794517856589,5.25
7.453492481394513,5.300000000000001
7.514968586421918,5.3500000000000005
7.5762218120727125,5.4
7.637251160946718,5.45
7.698055659070627,5.5
7.758634355854626,5.550000000000001
7.818986324044644,5.6000000000000005
7.879110659670317,5.65
7.939006481988725,5.7
7.998672933423942,5.75
8.058109179502521,5.800000000000001
8.117314408784896,5.8500000000000005
8.176287832792834,5.9
8.235028685932962,5.95
8.293536225416446,6.
8.351809731174862,6.050000000000001
8.409848505772421,6.1000000000000005
8.467651874314432,6.15
8.525219184352286,6.2
8.582549805784856,6.25
8.639643130756474,6.300000000000001
8.696498573551487,6.3500000000000005
8.753115570485596,6.4
8.809493579793818,6.45
8.865632081515374,6.5
8.921530577375421,6.550000000000001
8.977188590663754,6.6000000000000005
9.032605666110555,6.65
9.087781369759236,6.7
9.142715288836419,6.75
9.19740703161921,6.800000000000001
9.251856227299758,6.8500000000000005
9.306062525847182,6.9
9.360025597866967,6.95
9.413745134457868,7.
9.467220847066415,7.050000000000001
9.520452467339037,7.1000000000000005
9.573439746971987,7.15
9.626182457558981,7.2
9.678680390436758,7.25
9.73093335652855,7.300000000000001
9.78294118618556,7.3500000000000005
9.834703729026492,7.4
9.886220853775267,7.45
9.937492448096876,7.5
9.988518418431553,7.550000000000001
10.039298689827287,7.6000000000000005
10.089833205770688,7.65
10.140121928016395,7.7
10.190164836414956,7.75
10.239961928739332,7.800000000000001
10.2895132205101,7.8500000000000005
10.338818744819292,7.9
10.387878552153152,7.95
10.436692710213622,8.
10.485261303738804,8.05
10.533584434322432,8.1
10.581662220232293,8.15
10.629494796227835,8.200000000000001
10.677082313376868,8.25
10.72442493887151,8.3
10.77152285584341,8.35
10.818376263178289,8.4
10.864985375329887,8.450000000000001
10.911350422133326,8.5
10.957471648617998,8.55
11.003349314820007,8.6
11.048983695594215,8.65
11.094375080425932,8.700000000000001
11.139523773242356,8.75
11.184430092223744,8.8
11.229094369614415,8.85
11.273516951533642,8.9
11.317698197786397,8.950000000000001
11.36163848167414,9.
11.405338189805555,9.05
11.448797721907374,9.1
11.492017490635321,9.15
11.534997921385164,9.200000000000001
11.57773945210399,9.25
11.620242533101733,9.3
11.66250762686293,9.35
11.704535207858859,9.4
11.746325762360001,9.450000000000001
11.787879788248928,9.5
11.829197794833624,9.55
11.87028030266128,9.600000000000001
11.911127843332634,9.65
11.951740959316853,9.700000000000001
11.99212020376698,9.75
12.032266140336095,9.8
12.07217934299401,9.850000000000001
12.111860395844788,9.9
12.151309892944916,9.950000000000001
12.190528438122238,10.
12.22951664479574,10.05
12.268275135796083,10.100000000000001
12.306804543187027,10.15
12.345105508087778,10.200000000000001
12.383178680496108,10.25
12.421024719112605,10.3
12.45864429116571,10.350000000000001
12.496038072237827,10.4
12.53320674609247,10.450000000000001
12.570151004502346,10.5
12.606871547078644,10.55
12.643369081101248,10.600000000000001
12.679644321350166,10.65
12.715697989938077,10.700000000000001
12.751530816143942,10.75
12.787143536247893,10.8
12.822536893367195,10.850000000000001
12.857711637293525,10.9
12.892668524331343,10.950000000000001
12.927408317137646,11.
12.961931784562834,11.05
12.996239701492929,11.100000000000001
13.030332848693075,11.15
13.06421201265228,11.200000000000001
13.09787798542954,11.25
13.131331564501224,11.3
13.164573552609813,11.350000000000001
13.197604757614036,11.4
13.230425992340273,11.450000000000001
13.263038074435388,11.5
13.295441826220934,11.55
13.327638074548736,11.600000000000001
13.359627650657847,11.65
13.391411390032939,11.700000000000001
13.422990132264093,11.75
13.454364720908009,11.8
13.485536003350617,11.850000000000001
13.516504830671161,11.9
13.547272057507666,11.950000000000001
13.577838541923875,12.
13.608205145277632,12.05
13.638372732090684,12.100000000000001
13.66834216991996,12.15
13.698114329230297,12.200000000000001
13.727690083268602,12.25
13.757070307939472,12.3
13.786255881682322,12.350000000000001
13.815247685349894,12.4
13.844046602088275,12.450000000000001
13.87265351721837,12.5
13.901069318118802,12.55
13.929294894110315,12.600000000000001
13.957331136341587,12.65
13.985178937676565,12.700000000000001
14.012839192583137,12.75
14.040312797023395,12.8
14.067600648345241,12.850000000000001
14.094703645175482,12.9
14.12162268731436,12.950000000000001
14.148358675631517,13.
14.174912511963386,13.05
14.201285099012038,13.100000000000001
14.227477340245438,13.15
14.253490139799078,13.200000000000001
14.279324402379123,13.25
14.304981033166873,13.3
14.330460937724684,13.350000000000001
14.355765021903238,13.4
14.380894191750274,13.450000000000001
14.405849353420631,13.5
14.430631413087726,13.55
14.455241276856349,13.600000000000001
14.47967985067687,13.65
14.503948040260802,13.700000000000001
14.528046750997644,13.75
14.551976887873163,13.8
14.57573935538895,13.850000000000001
14.599335057483279,13.9
14.622764897453363,13.950000000000001
14.64602977787884,14.
14.669130600546609,14.05
14.692068266376904,14.100000000000001
14.714843675350716,14.15
14.737457726438425,14.200000000000001
14.759911317529754,14.25
14.78220534536489,14.3
14.804340705466965,14.350000000000001
14.82631829207566,14.4
14.848138998082117,14.450000000000001
14.869803714965004,14.5
14.89131333272781,14.55
14.912668739837384,14.600000000000001
14.93387082316352,14.65
14.954920467919901,14.700000000000001
14.975818557606038,14.75
14.996565973950466,14.8
15.017163596855056,14.850000000000001
15.037612304340419,14.9
15.057912972492522,14.950000000000001
15.078066475410296,15.
15.098073685154452,15.05
15.117935471697313,15.100000000000001
15.13765270287378,15.15
15.157226244333293,15.200000000000001
15.176656959492938,15.25
15.195945709491525,15.3
15.21509335314473,15.350000000000001
15.23410074690129,15.4
15.252968744800127,15.450000000000001
15.271698198428568,15.5
15.290289956881523,15.55
15.308744866721586,15.600000000000001
15.327063771940198,15.65
15.3452475139197,15.700000000000001
15.363296931396365,15.75
15.381212860424355,15.8
15.398996134340578,15.850000000000001
15.416647583730532,15.9
15.43416803639496,15.950000000000001
15.451558317317458,16.
15.46881924863294,16.05
15.485951649596991,16.1
15.502956336556059,16.150000000000002
15.519834122918484,16.2
15.536585819126397,16.25
15.553212232628479,16.3
15.56971416785339,16.35
15.58609242618419,16.400000000000002
15.602347805933407,16.45
15.618481102319006,16.5
15.63449310744102,16.55
15.650384610259016,16.6
15.666156396570312,16.650000000000002
15.6818092489889,16.7
15.697343946925129,16.75
15.712761266566089,16.8
15.728061980856742,16.85
15.743246859481694,16.900000000000002
15.758316668847725,16.95
15.773272172066958,17.
15.788114128940707,17.05
15.802843295943992,17.1
15.81746042621069,17.150000000000002
15.831966269519365,17.2
15.846361572279667,17.25
15.860647077519436,17.3
15.874823524872319,17.35
15.888891650566082,17.400000000000002
15.902852187411467,17.45
15.91670586479163,17.5
15.930453408652186,17.55
15.944095541491778,17.6
15.957632982353244,17.650000000000002
15.971066446815302,17.7
15.984396646984765,17.75
15.997624291489355,17.8
16.010750085470935,17.85
16.023774730579316,17.900000000000002
16.036698924966576,17.95
16.049523363281832,18.
16.062248736666525,18.05
16.074875732750183,18.1
16.08740503564664,18.150000000000002
16.09983732595073,18.2
16.11217328073541,18.25
16.124413573549365,18.3
16.136558874415034,18.35
16.14860984982703,18.400000000000002
16.160567162751065,18.45
16.172431472623153,18.5
16.18420343534939,18.55
16.195883703305984,18.6
16.207472925339765,18.650000000000002
16.218971746769,18.7
16.230380809384705,18.75
16.24170075145219,18.8
16.25293220771304,18.85
16.26407580938745,18.900000000000002
16.275132184176872,18.95
16.286101956267053,19.
16.296985746331323,19.05
16.307784171534337,19.1
16.31849784553599,19.150000000000002
16.32912737849575,19.200000000000003
16.339673377077258,19.25
16.350136444453252,19.3
16.360517180310737,19.35
16.370816180856472,19.400000000000002
16.38103403882277,19.450000000000003
16.39117134347351,19.5
16.401228680610462,19.55
16.41120663257985,19.6
16.4211057782792,19.650000000000002
16.43092669316439,19.700000000000003
16.44066994925703,19.75
16.45033611515196,19.8
16.459925756025115,19.85
16.46943943364151,19.900000000000002
16.478877706363512,19.950000000000003
16.4882411291593,20.
16.497530253611565,20.05
16.50674562792636,20.1
16.515887796942227,20.150000000000002
16.524957302139477,20.200000000000003
16.533954681649654,20.25
16.542880470265214,20.3
16.55173519944936,20.35
16.56051939734609,20.400000000000002
16.56923358879036,20.450000000000003
16.57787829531848,20.5
16.586454035178615,20.55
16.594961323341494,20.6
16.603400671511245,20.650000000000002
16.611772588136354,20.700000000000003
16.62007757842086,20.75
16.62831614433558,20.8
16.636488784629524,20.85
16.64459599484149,20.900000000000002
16.652638267311687,20.950000000000003
16.660616091193525,21.
16.668529952465622,21.05
16.676380333943726,21.1
16.684167715292947,21.150000000000002
16.691892573039986,21.200000000000003
16.699555380585483,21.25
16.707156608216522,21.3
16.71469672311918,21.35
16.722176189391167,21.400000000000002
16.729595468054605,21.450000000000003
16.736955017068855,21.5
16.744255291343432,21.55
16.751496742751037,21.6
16.758679820140603,21.650000000000002
16.765804969350484,21.700000000000003
16.77287263322168,21.75
16.779883251611125,21.8
16.786837261405037,21.85
16.793735096532405,21.900000000000002
16.800577187978398,21.950000000000003
16.807363963797975,22.
16.814095849129426,22.05
16.82077326620808,22.1
16.82739663437996,22.150000000000002
16.833966370115537,22.200000000000003
16.840482887023523,22.25
16.846946595864715,22.3
16.85335790456583,22.35
16.859717218233417,22.400000000000002
16.866024939167826,22.450000000000003
16.872281466877123,22.5
16.878487198091133,22.55
16.884642526775423,22.6
16.89074784414538,22.650000000000002
16.89680353868027,22.700000000000003
16.90280999613733,22.75
16.908767599565834,22.8
16.914676729321297,22.85
16.920537763079526,22.900000000000002
16.92635107585083,22.950000000000003
16.932117039994154,23.
16.937836025231203,23.05
16.943508398660697,23.1
16.94913452477247,23.150000000000002
16.954714765461713,23.200000000000003
16.960249480043057,23.25
16.965739025264863,23.3
16.971183755323302,23.35
16.976584021876587,23.400000000000002
16.981940174059098,23.450000000000003
16.98725255849554,23.5
16.992521519315115,23.55
16.99774739816562,23.6
17.002930534227605,23.650000000000002
17.008071264228445,23.700000000000003
17.013169922456463,23.75
17.018226840774997,23.8
17.023242348636447,23.85
17.02821677309634,23.900000000000002
17.033150438827313,23.950000000000003
17.038043668133152,24.
17.042896780962735,24.05
17.047710094923985,24.1
17.052483925297807,24.150000000000002
17.057218585052,24.200000000000003
17.061914384855058,24.25
17.066571633090117,24.3
17.07119063586868,24.35
17.075771697044424,24.400000000000002
17.080315118226977,24.450000000000003
17.084821198795588,24.5
17.089290235912834,24.55
17.09372252453829,24.6
17.09811835744209,24.650000000000002
17.10247802521854,24.700000000000003
17.106801816299633,24.75
17.111090016968593,24.8
17.115342911373258,24.85
17.119560781539583,24.900000000000002
17.12374390738496,24.950000000000003
17.12789256673159,25.
